{
 "cells": [
  {
   "cell_type": "markdown",
   "metadata": {},
   "source": [
    "# boston 데이터셋 활용 집값 예측 모델\n",
    "- 데이터셋 : boston.csv에서 Feature 사용\n",
    "- 구현 프레임 워크 : Pytorch"
   ]
  },
  {
   "cell_type": "markdown",
   "metadata": {},
   "source": [
    "- [1] 모듈 로딩 및 데이터 준비"
   ]
  },
  {
   "cell_type": "code",
   "execution_count": 1,
   "metadata": {},
   "outputs": [],
   "source": [
    "# 모듈 로딩\n",
    "import torch                        # 텐서 및 수치 계산 함수 관련 모듈\n",
    "import torch.nn as nn               # 인공신경망 관련 모듈\n",
    "import torch.nn.functional as F     # 손실, 거리 등 함수 관련 모듈\n",
    "import torch.optim as optim         # 최적화 기법 관련 모듈\n",
    "\n",
    "import pandas as pd\n",
    "import matplotlib.pyplot as plt\n",
    "from sklearn.model_selection import train_test_split"
   ]
  },
  {
   "cell_type": "code",
   "execution_count": 2,
   "metadata": {},
   "outputs": [
    {
     "data": {
      "text/plain": [
       "<torch._C.Generator at 0x1eafc5dbeb0>"
      ]
     },
     "execution_count": 2,
     "metadata": {},
     "output_type": "execute_result"
    }
   ],
   "source": [
    "torch.manual_seed(13)"
   ]
  },
  {
   "cell_type": "code",
   "execution_count": 3,
   "metadata": {},
   "outputs": [
    {
     "data": {
      "text/html": [
       "<div>\n",
       "<style scoped>\n",
       "    .dataframe tbody tr th:only-of-type {\n",
       "        vertical-align: middle;\n",
       "    }\n",
       "\n",
       "    .dataframe tbody tr th {\n",
       "        vertical-align: top;\n",
       "    }\n",
       "\n",
       "    .dataframe thead th {\n",
       "        text-align: right;\n",
       "    }\n",
       "</style>\n",
       "<table border=\"1\" class=\"dataframe\">\n",
       "  <thead>\n",
       "    <tr style=\"text-align: right;\">\n",
       "      <th></th>\n",
       "      <th>CRIM</th>\n",
       "      <th>ZN</th>\n",
       "      <th>INDUS</th>\n",
       "      <th>CHAS</th>\n",
       "      <th>NOX</th>\n",
       "      <th>RM</th>\n",
       "      <th>AGE</th>\n",
       "      <th>DIS</th>\n",
       "      <th>RAD</th>\n",
       "      <th>TAX</th>\n",
       "      <th>PTRATIO</th>\n",
       "      <th>B</th>\n",
       "      <th>LSTAT</th>\n",
       "      <th>MEDV</th>\n",
       "    </tr>\n",
       "  </thead>\n",
       "  <tbody>\n",
       "    <tr>\n",
       "      <th>0</th>\n",
       "      <td>0.00632</td>\n",
       "      <td>18.0</td>\n",
       "      <td>2.31</td>\n",
       "      <td>0</td>\n",
       "      <td>0.538</td>\n",
       "      <td>6.575</td>\n",
       "      <td>65.2</td>\n",
       "      <td>4.0900</td>\n",
       "      <td>1</td>\n",
       "      <td>296.0</td>\n",
       "      <td>15.3</td>\n",
       "      <td>396.9</td>\n",
       "      <td>4.98</td>\n",
       "      <td>24.0</td>\n",
       "    </tr>\n",
       "    <tr>\n",
       "      <th>1</th>\n",
       "      <td>0.02731</td>\n",
       "      <td>0.0</td>\n",
       "      <td>7.07</td>\n",
       "      <td>0</td>\n",
       "      <td>0.469</td>\n",
       "      <td>6.421</td>\n",
       "      <td>78.9</td>\n",
       "      <td>4.9671</td>\n",
       "      <td>2</td>\n",
       "      <td>242.0</td>\n",
       "      <td>17.8</td>\n",
       "      <td>396.9</td>\n",
       "      <td>9.14</td>\n",
       "      <td>21.6</td>\n",
       "    </tr>\n",
       "  </tbody>\n",
       "</table>\n",
       "</div>"
      ],
      "text/plain": [
       "      CRIM    ZN  INDUS  CHAS    NOX     RM   AGE     DIS  RAD    TAX  \\\n",
       "0  0.00632  18.0   2.31     0  0.538  6.575  65.2  4.0900    1  296.0   \n",
       "1  0.02731   0.0   7.07     0  0.469  6.421  78.9  4.9671    2  242.0   \n",
       "\n",
       "   PTRATIO      B  LSTAT  MEDV  \n",
       "0     15.3  396.9   4.98  24.0  \n",
       "1     17.8  396.9   9.14  21.6  "
      ]
     },
     "execution_count": 3,
     "metadata": {},
     "output_type": "execute_result"
    }
   ],
   "source": [
    "data = '../../ML/DATA/boston.csv'\n",
    "houseDF = pd.read_csv(data)\n",
    "houseDF.head(2)"
   ]
  },
  {
   "cell_type": "markdown",
   "metadata": {},
   "source": [
    "[01]  CRIM 자치시(town) 별 1인당 범죄율\n",
    "\n",
    " [02]  ZN 25,000 평방피트를 초과하는 거주지역의 비율\n",
    "\n",
    " [03]  INDUS 비소매상업지역이 점유하고 있는 토지의 비율\n",
    "\n",
    " [04]  CHAS 찰스강에 대한 더미변수(강의 경계에 위치한 경우는 1, 아니면 0)\n",
    "\n",
    " [05]  NOX 10ppm 당 농축 일산화질소\n",
    "\n",
    " [06]  RM 주택 1가구당 평균 방의 개수 \n",
    "\n",
    " [07]  AGE 1940년 이전에 건축된 소유주택의 비율 \n",
    "\n",
    " [08]  DIS 5개의 보스턴 직업센터까지의 접근성 지수 \n",
    "\n",
    " [09]  RAD 방사형 도로까지의 접근성 지수 \n",
    "\n",
    " [10]  TAX 10,000 달러 당 재산세율 \n",
    "\n",
    " [11]  PTRATIO 자치시(town)별 학생/교사 비율\n",
    "\n",
    " [12]  B 1000(Bk-0.63)^2, 여기서 Bk는 자치시별 흑인의 비율을 말함. \n",
    "\n",
    " [13]  LSTAT 모집단의 하위계층의 비율(%)\n",
    "\n",
    " [14]  MEDV 본인 소유의 주택가격(중앙값) (단위: $1,000)"
   ]
  },
  {
   "cell_type": "code",
   "execution_count": 4,
   "metadata": {},
   "outputs": [
    {
     "data": {
      "text/html": [
       "<div>\n",
       "<style scoped>\n",
       "    .dataframe tbody tr th:only-of-type {\n",
       "        vertical-align: middle;\n",
       "    }\n",
       "\n",
       "    .dataframe tbody tr th {\n",
       "        vertical-align: top;\n",
       "    }\n",
       "\n",
       "    .dataframe thead th {\n",
       "        text-align: right;\n",
       "    }\n",
       "</style>\n",
       "<table border=\"1\" class=\"dataframe\">\n",
       "  <thead>\n",
       "    <tr style=\"text-align: right;\">\n",
       "      <th></th>\n",
       "      <th>CRIM</th>\n",
       "      <th>ZN</th>\n",
       "      <th>INDUS</th>\n",
       "      <th>CHAS</th>\n",
       "      <th>NOX</th>\n",
       "      <th>RM</th>\n",
       "      <th>AGE</th>\n",
       "      <th>DIS</th>\n",
       "      <th>RAD</th>\n",
       "      <th>TAX</th>\n",
       "      <th>PTRATIO</th>\n",
       "      <th>B</th>\n",
       "      <th>LSTAT</th>\n",
       "      <th>MEDV</th>\n",
       "    </tr>\n",
       "  </thead>\n",
       "  <tbody>\n",
       "    <tr>\n",
       "      <th>CRIM</th>\n",
       "      <td>1.000000</td>\n",
       "      <td>-0.200469</td>\n",
       "      <td>0.406583</td>\n",
       "      <td>-0.055892</td>\n",
       "      <td>0.420972</td>\n",
       "      <td>-0.219247</td>\n",
       "      <td>0.352734</td>\n",
       "      <td>-0.379670</td>\n",
       "      <td>0.625505</td>\n",
       "      <td>0.582764</td>\n",
       "      <td>0.289946</td>\n",
       "      <td>-0.385064</td>\n",
       "      <td>0.455621</td>\n",
       "      <td>-0.388305</td>\n",
       "    </tr>\n",
       "    <tr>\n",
       "      <th>ZN</th>\n",
       "      <td>-0.200469</td>\n",
       "      <td>1.000000</td>\n",
       "      <td>-0.533828</td>\n",
       "      <td>-0.042697</td>\n",
       "      <td>-0.516604</td>\n",
       "      <td>0.311991</td>\n",
       "      <td>-0.569537</td>\n",
       "      <td>0.664408</td>\n",
       "      <td>-0.311948</td>\n",
       "      <td>-0.314563</td>\n",
       "      <td>-0.391679</td>\n",
       "      <td>0.175520</td>\n",
       "      <td>-0.412995</td>\n",
       "      <td>0.360445</td>\n",
       "    </tr>\n",
       "    <tr>\n",
       "      <th>INDUS</th>\n",
       "      <td>0.406583</td>\n",
       "      <td>-0.533828</td>\n",
       "      <td>1.000000</td>\n",
       "      <td>0.062938</td>\n",
       "      <td>0.763651</td>\n",
       "      <td>-0.391676</td>\n",
       "      <td>0.644779</td>\n",
       "      <td>-0.708027</td>\n",
       "      <td>0.595129</td>\n",
       "      <td>0.720760</td>\n",
       "      <td>0.383248</td>\n",
       "      <td>-0.356977</td>\n",
       "      <td>0.603800</td>\n",
       "      <td>-0.483725</td>\n",
       "    </tr>\n",
       "    <tr>\n",
       "      <th>CHAS</th>\n",
       "      <td>-0.055892</td>\n",
       "      <td>-0.042697</td>\n",
       "      <td>0.062938</td>\n",
       "      <td>1.000000</td>\n",
       "      <td>0.091203</td>\n",
       "      <td>0.091251</td>\n",
       "      <td>0.086518</td>\n",
       "      <td>-0.099176</td>\n",
       "      <td>-0.007368</td>\n",
       "      <td>-0.035587</td>\n",
       "      <td>-0.121515</td>\n",
       "      <td>0.048788</td>\n",
       "      <td>-0.053929</td>\n",
       "      <td>0.175260</td>\n",
       "    </tr>\n",
       "    <tr>\n",
       "      <th>NOX</th>\n",
       "      <td>0.420972</td>\n",
       "      <td>-0.516604</td>\n",
       "      <td>0.763651</td>\n",
       "      <td>0.091203</td>\n",
       "      <td>1.000000</td>\n",
       "      <td>-0.302188</td>\n",
       "      <td>0.731470</td>\n",
       "      <td>-0.769230</td>\n",
       "      <td>0.611441</td>\n",
       "      <td>0.668023</td>\n",
       "      <td>0.188933</td>\n",
       "      <td>-0.380051</td>\n",
       "      <td>0.590879</td>\n",
       "      <td>-0.427321</td>\n",
       "    </tr>\n",
       "    <tr>\n",
       "      <th>RM</th>\n",
       "      <td>-0.219247</td>\n",
       "      <td>0.311991</td>\n",
       "      <td>-0.391676</td>\n",
       "      <td>0.091251</td>\n",
       "      <td>-0.302188</td>\n",
       "      <td>1.000000</td>\n",
       "      <td>-0.240265</td>\n",
       "      <td>0.205246</td>\n",
       "      <td>-0.209847</td>\n",
       "      <td>-0.292048</td>\n",
       "      <td>-0.355501</td>\n",
       "      <td>0.128069</td>\n",
       "      <td>-0.613808</td>\n",
       "      <td>0.695360</td>\n",
       "    </tr>\n",
       "    <tr>\n",
       "      <th>AGE</th>\n",
       "      <td>0.352734</td>\n",
       "      <td>-0.569537</td>\n",
       "      <td>0.644779</td>\n",
       "      <td>0.086518</td>\n",
       "      <td>0.731470</td>\n",
       "      <td>-0.240265</td>\n",
       "      <td>1.000000</td>\n",
       "      <td>-0.747881</td>\n",
       "      <td>0.456022</td>\n",
       "      <td>0.506456</td>\n",
       "      <td>0.261515</td>\n",
       "      <td>-0.273534</td>\n",
       "      <td>0.602339</td>\n",
       "      <td>-0.376955</td>\n",
       "    </tr>\n",
       "    <tr>\n",
       "      <th>DIS</th>\n",
       "      <td>-0.379670</td>\n",
       "      <td>0.664408</td>\n",
       "      <td>-0.708027</td>\n",
       "      <td>-0.099176</td>\n",
       "      <td>-0.769230</td>\n",
       "      <td>0.205246</td>\n",
       "      <td>-0.747881</td>\n",
       "      <td>1.000000</td>\n",
       "      <td>-0.494588</td>\n",
       "      <td>-0.534432</td>\n",
       "      <td>-0.232471</td>\n",
       "      <td>0.291512</td>\n",
       "      <td>-0.496996</td>\n",
       "      <td>0.249929</td>\n",
       "    </tr>\n",
       "    <tr>\n",
       "      <th>RAD</th>\n",
       "      <td>0.625505</td>\n",
       "      <td>-0.311948</td>\n",
       "      <td>0.595129</td>\n",
       "      <td>-0.007368</td>\n",
       "      <td>0.611441</td>\n",
       "      <td>-0.209847</td>\n",
       "      <td>0.456022</td>\n",
       "      <td>-0.494588</td>\n",
       "      <td>1.000000</td>\n",
       "      <td>0.910228</td>\n",
       "      <td>0.464741</td>\n",
       "      <td>-0.444413</td>\n",
       "      <td>0.488676</td>\n",
       "      <td>-0.381626</td>\n",
       "    </tr>\n",
       "    <tr>\n",
       "      <th>TAX</th>\n",
       "      <td>0.582764</td>\n",
       "      <td>-0.314563</td>\n",
       "      <td>0.720760</td>\n",
       "      <td>-0.035587</td>\n",
       "      <td>0.668023</td>\n",
       "      <td>-0.292048</td>\n",
       "      <td>0.506456</td>\n",
       "      <td>-0.534432</td>\n",
       "      <td>0.910228</td>\n",
       "      <td>1.000000</td>\n",
       "      <td>0.460853</td>\n",
       "      <td>-0.441808</td>\n",
       "      <td>0.543993</td>\n",
       "      <td>-0.468536</td>\n",
       "    </tr>\n",
       "    <tr>\n",
       "      <th>PTRATIO</th>\n",
       "      <td>0.289946</td>\n",
       "      <td>-0.391679</td>\n",
       "      <td>0.383248</td>\n",
       "      <td>-0.121515</td>\n",
       "      <td>0.188933</td>\n",
       "      <td>-0.355501</td>\n",
       "      <td>0.261515</td>\n",
       "      <td>-0.232471</td>\n",
       "      <td>0.464741</td>\n",
       "      <td>0.460853</td>\n",
       "      <td>1.000000</td>\n",
       "      <td>-0.177383</td>\n",
       "      <td>0.374044</td>\n",
       "      <td>-0.507787</td>\n",
       "    </tr>\n",
       "    <tr>\n",
       "      <th>B</th>\n",
       "      <td>-0.385064</td>\n",
       "      <td>0.175520</td>\n",
       "      <td>-0.356977</td>\n",
       "      <td>0.048788</td>\n",
       "      <td>-0.380051</td>\n",
       "      <td>0.128069</td>\n",
       "      <td>-0.273534</td>\n",
       "      <td>0.291512</td>\n",
       "      <td>-0.444413</td>\n",
       "      <td>-0.441808</td>\n",
       "      <td>-0.177383</td>\n",
       "      <td>1.000000</td>\n",
       "      <td>-0.366087</td>\n",
       "      <td>0.333461</td>\n",
       "    </tr>\n",
       "    <tr>\n",
       "      <th>LSTAT</th>\n",
       "      <td>0.455621</td>\n",
       "      <td>-0.412995</td>\n",
       "      <td>0.603800</td>\n",
       "      <td>-0.053929</td>\n",
       "      <td>0.590879</td>\n",
       "      <td>-0.613808</td>\n",
       "      <td>0.602339</td>\n",
       "      <td>-0.496996</td>\n",
       "      <td>0.488676</td>\n",
       "      <td>0.543993</td>\n",
       "      <td>0.374044</td>\n",
       "      <td>-0.366087</td>\n",
       "      <td>1.000000</td>\n",
       "      <td>-0.737663</td>\n",
       "    </tr>\n",
       "    <tr>\n",
       "      <th>MEDV</th>\n",
       "      <td>-0.388305</td>\n",
       "      <td>0.360445</td>\n",
       "      <td>-0.483725</td>\n",
       "      <td>0.175260</td>\n",
       "      <td>-0.427321</td>\n",
       "      <td>0.695360</td>\n",
       "      <td>-0.376955</td>\n",
       "      <td>0.249929</td>\n",
       "      <td>-0.381626</td>\n",
       "      <td>-0.468536</td>\n",
       "      <td>-0.507787</td>\n",
       "      <td>0.333461</td>\n",
       "      <td>-0.737663</td>\n",
       "      <td>1.000000</td>\n",
       "    </tr>\n",
       "  </tbody>\n",
       "</table>\n",
       "</div>"
      ],
      "text/plain": [
       "             CRIM        ZN     INDUS      CHAS       NOX        RM       AGE  \\\n",
       "CRIM     1.000000 -0.200469  0.406583 -0.055892  0.420972 -0.219247  0.352734   \n",
       "ZN      -0.200469  1.000000 -0.533828 -0.042697 -0.516604  0.311991 -0.569537   \n",
       "INDUS    0.406583 -0.533828  1.000000  0.062938  0.763651 -0.391676  0.644779   \n",
       "CHAS    -0.055892 -0.042697  0.062938  1.000000  0.091203  0.091251  0.086518   \n",
       "NOX      0.420972 -0.516604  0.763651  0.091203  1.000000 -0.302188  0.731470   \n",
       "RM      -0.219247  0.311991 -0.391676  0.091251 -0.302188  1.000000 -0.240265   \n",
       "AGE      0.352734 -0.569537  0.644779  0.086518  0.731470 -0.240265  1.000000   \n",
       "DIS     -0.379670  0.664408 -0.708027 -0.099176 -0.769230  0.205246 -0.747881   \n",
       "RAD      0.625505 -0.311948  0.595129 -0.007368  0.611441 -0.209847  0.456022   \n",
       "TAX      0.582764 -0.314563  0.720760 -0.035587  0.668023 -0.292048  0.506456   \n",
       "PTRATIO  0.289946 -0.391679  0.383248 -0.121515  0.188933 -0.355501  0.261515   \n",
       "B       -0.385064  0.175520 -0.356977  0.048788 -0.380051  0.128069 -0.273534   \n",
       "LSTAT    0.455621 -0.412995  0.603800 -0.053929  0.590879 -0.613808  0.602339   \n",
       "MEDV    -0.388305  0.360445 -0.483725  0.175260 -0.427321  0.695360 -0.376955   \n",
       "\n",
       "              DIS       RAD       TAX   PTRATIO         B     LSTAT      MEDV  \n",
       "CRIM    -0.379670  0.625505  0.582764  0.289946 -0.385064  0.455621 -0.388305  \n",
       "ZN       0.664408 -0.311948 -0.314563 -0.391679  0.175520 -0.412995  0.360445  \n",
       "INDUS   -0.708027  0.595129  0.720760  0.383248 -0.356977  0.603800 -0.483725  \n",
       "CHAS    -0.099176 -0.007368 -0.035587 -0.121515  0.048788 -0.053929  0.175260  \n",
       "NOX     -0.769230  0.611441  0.668023  0.188933 -0.380051  0.590879 -0.427321  \n",
       "RM       0.205246 -0.209847 -0.292048 -0.355501  0.128069 -0.613808  0.695360  \n",
       "AGE     -0.747881  0.456022  0.506456  0.261515 -0.273534  0.602339 -0.376955  \n",
       "DIS      1.000000 -0.494588 -0.534432 -0.232471  0.291512 -0.496996  0.249929  \n",
       "RAD     -0.494588  1.000000  0.910228  0.464741 -0.444413  0.488676 -0.381626  \n",
       "TAX     -0.534432  0.910228  1.000000  0.460853 -0.441808  0.543993 -0.468536  \n",
       "PTRATIO -0.232471  0.464741  0.460853  1.000000 -0.177383  0.374044 -0.507787  \n",
       "B        0.291512 -0.444413 -0.441808 -0.177383  1.000000 -0.366087  0.333461  \n",
       "LSTAT   -0.496996  0.488676  0.543993  0.374044 -0.366087  1.000000 -0.737663  \n",
       "MEDV     0.249929 -0.381626 -0.468536 -0.507787  0.333461 -0.737663  1.000000  "
      ]
     },
     "execution_count": 4,
     "metadata": {},
     "output_type": "execute_result"
    }
   ],
   "source": [
    "houseDF.corr(numeric_only=True)"
   ]
  },
  {
   "cell_type": "code",
   "execution_count": 5,
   "metadata": {},
   "outputs": [],
   "source": [
    "# 상관계수의 절댓값이 0.4 이상인 열만 선택\n",
    "houseDF = houseDF[['INDUS', 'NOX', 'RM', 'TAX', 'PTRATIO', 'LSTAT', 'MEDV']]"
   ]
  },
  {
   "cell_type": "markdown",
   "metadata": {},
   "source": [
    "[2] 모델 준비\n",
    "- 학습 방법 : 지도학습 > 회귀\n",
    "- 알고리즘 : 선형관계 >> 선형모델 ==> nn.Linear"
   ]
  },
  {
   "cell_type": "code",
   "execution_count": 6,
   "metadata": {},
   "outputs": [],
   "source": [
    "# in_features : INDUS, NOX, RM, TAX, PTRATIO, LSTAT\n",
    "# out_features : MEDV\n",
    "model = nn.Linear(6,1)"
   ]
  },
  {
   "cell_type": "code",
   "execution_count": 7,
   "metadata": {},
   "outputs": [
    {
     "name": "stdout",
     "output_type": "stream",
     "text": [
      "[weight] Parameter containing:\n",
      "tensor([[-0.3333, -0.0168,  0.2536, -0.3959, -0.3958,  0.0846]],\n",
      "       requires_grad=True)\n",
      "\n",
      "[bias] Parameter containing:\n",
      "tensor([-0.2190], requires_grad=True)\n",
      "\n"
     ]
    }
   ],
   "source": [
    "# 가중치와 절편 확인\n",
    "for name, param in model.named_parameters():\n",
    "    print(f'[{name}] {param}\\n')"
   ]
  },
  {
   "cell_type": "markdown",
   "metadata": {},
   "source": [
    "[3] 최적화 인스턴스 준비"
   ]
  },
  {
   "cell_type": "code",
   "execution_count": 8,
   "metadata": {},
   "outputs": [],
   "source": [
    "## 모델의 가중치와 절편을 최적화해 인스턴스에 전달\n",
    "adam_optim = optim.Adam(model.parameters(), lr=0.25)"
   ]
  },
  {
   "cell_type": "markdown",
   "metadata": {},
   "source": [
    "[4] 학습 ==> 개발자가 구현"
   ]
  },
  {
   "cell_type": "markdown",
   "metadata": {},
   "source": [
    "- [4-1] 데이터셋 Tensor화 진행 : 데이터 준비시 진행하거나 학습 전 진행"
   ]
  },
  {
   "cell_type": "code",
   "execution_count": 9,
   "metadata": {},
   "outputs": [
    {
     "data": {
      "text/plain": [
       "torch.Size([506, 6])"
      ]
     },
     "execution_count": 9,
     "metadata": {},
     "output_type": "execute_result"
    }
   ],
   "source": [
    "featureTS = torch.from_numpy(houseDF[['INDUS', 'NOX', 'RM', 'TAX', 'PTRATIO', 'LSTAT']].values).float()\n",
    "featureTS.shape"
   ]
  },
  {
   "cell_type": "code",
   "execution_count": 10,
   "metadata": {},
   "outputs": [
    {
     "data": {
      "text/plain": [
       "torch.Size([506, 1])"
      ]
     },
     "execution_count": 10,
     "metadata": {},
     "output_type": "execute_result"
    }
   ],
   "source": [
    "targetTS = torch.from_numpy(houseDF[['MEDV']].values).float()\n",
    "targetTS.shape"
   ]
  },
  {
   "cell_type": "code",
   "execution_count": 11,
   "metadata": {},
   "outputs": [
    {
     "name": "stdout",
     "output_type": "stream",
     "text": [
      "[Feature] TRAIN torch.Size([323, 6]), TEST torch.Size([102, 6]), VAL torch.Size([81, 6])\n",
      "[Target]  TRAIN torch.Size([323, 1]), TEST torch.Size([102, 1]), VAL torch.Size([81, 1])\n"
     ]
    }
   ],
   "source": [
    "# train/test\n",
    "X_train, X_test, y_train, y_test = train_test_split(featureTS, targetTS, test_size=0.2)\n",
    "\n",
    "# train/validation\n",
    "X_train, X_val, y_train, y_val = train_test_split(X_train, y_train, test_size=0.2)\n",
    "\n",
    "print(f'[Feature] TRAIN {X_train.shape}, TEST {X_test.shape}, VAL {X_val.shape}')\n",
    "print(f'[Target]  TRAIN {y_train.shape}, TEST {y_test.shape}, VAL {y_val.shape}')"
   ]
  },
  {
   "cell_type": "markdown",
   "metadata": {},
   "source": [
    "- [4-2] 학습 진행\n",
    "    - 학습 횟수 결정 ==> 에포크 설정\n",
    "    - 학습 결과 저장 ==> 손실 저장 변수"
   ]
  },
  {
   "cell_type": "code",
   "execution_count": 12,
   "metadata": {},
   "outputs": [],
   "source": [
    "Epoch = 50"
   ]
  },
  {
   "cell_type": "code",
   "execution_count": 13,
   "metadata": {},
   "outputs": [],
   "source": [
    "# 테스트/검증 함수\n",
    "def testing(testTS, targetTS, kind='Val'):\n",
    "    with torch.no_grad():\n",
    "        # 학습 진행 - forward\n",
    "        pre_y = model(testTS)\n",
    "        print(f'{pre_y.shape}')\n",
    "        # 오차계산 - 손실함수\n",
    "        loss = F.mse_loss(pre_y, targetTS)\n",
    "        # 학습 결과 출력 및 저장\n",
    "        print(f'[{kind}] Loss : {loss}')\n",
    "    return loss"
   ]
  },
  {
   "cell_type": "code",
   "execution_count": 14,
   "metadata": {},
   "outputs": [],
   "source": [
    "# 모델 학습 함수\n",
    "def training(featureTS, targetTS, valTS, valTargetTS):\n",
    "    loss_history = {'loss' : [], 'val':[]}\n",
    "\n",
    "    for epoch in range(Epoch):\n",
    "        # 학습 진행 - forward\n",
    "        pre_y = model(featureTS)\n",
    "\n",
    "        # 오차계산 - 손실 함수\n",
    "        loss = F.mse_loss(pre_y, targetTS)\n",
    "        loss_history['loss'].append(loss.item())\n",
    "\n",
    "        # 최적화 - 가중치, 절편, 업데이트 backward\n",
    "        adam_optim.zero_grad()\n",
    "        loss.backward()\n",
    "        adam_optim.step()\n",
    "\n",
    "        # 검증 -  모델이 제대로 만들어지는지 검사\n",
    "        val = testing(valTS, valTargetTS)\n",
    "        loss_history['val'].append(val.item())\n",
    "\n",
    "        # 학습 결과 출력 및 저장\n",
    "        print(f'[{epoch}/{Epoch}] Loss : {loss}')\n",
    "    return loss_history"
   ]
  },
  {
   "cell_type": "code",
   "execution_count": 15,
   "metadata": {},
   "outputs": [
    {
     "name": "stdout",
     "output_type": "stream",
     "text": [
      "torch.Size([81, 1])\n",
      "[Val] Loss : 6468.572265625\n",
      "[0/50] Loss : 41833.8515625\n",
      "torch.Size([81, 1])\n",
      "[Val] Loss : 1194.665771484375\n",
      "[1/50] Loss : 6649.62939453125\n",
      "torch.Size([81, 1])\n",
      "[Val] Loss : 11165.0244140625\n",
      "[2/50] Loss : 1155.1669921875\n",
      "torch.Size([81, 1])\n",
      "[Val] Loss : 16711.365234375\n",
      "[3/50] Loss : 11156.275390625\n",
      "torch.Size([81, 1])\n",
      "[Val] Loss : 13443.564453125\n",
      "[4/50] Loss : 16742.35546875\n",
      "torch.Size([81, 1])\n",
      "[Val] Loss : 6556.55322265625\n",
      "[5/50] Loss : 13449.150390625\n",
      "torch.Size([81, 1])\n",
      "[Val] Loss : 1354.758544921875\n",
      "[6/50] Loss : 6519.87451171875\n",
      "torch.Size([81, 1])\n",
      "[Val] Loss : 379.1907653808594\n",
      "[7/50] Loss : 1313.4124755859375\n",
      "torch.Size([81, 1])\n",
      "[Val] Loss : 2884.043701171875\n",
      "[8/50] Loss : 391.0174255371094\n",
      "torch.Size([81, 1])\n",
      "[Val] Loss : 5963.00927734375\n",
      "[9/50] Loss : 2984.580810546875\n",
      "torch.Size([81, 1])\n",
      "[Val] Loss : 7061.9384765625\n",
      "[10/50] Loss : 6139.64404296875\n",
      "torch.Size([81, 1])\n",
      "[Val] Loss : 5677.37158203125\n",
      "[11/50] Loss : 7264.14306640625\n",
      "torch.Size([81, 1])\n",
      "[Val] Loss : 3035.635498046875\n",
      "[12/50] Loss : 5849.53466796875\n",
      "torch.Size([81, 1])\n",
      "[Val] Loss : 844.3558959960938\n",
      "[13/50] Loss : 3143.472412109375\n",
      "torch.Size([81, 1])\n",
      "[Val] Loss : 211.46038818359375\n",
      "[14/50] Loss : 882.96142578125\n",
      "torch.Size([81, 1])\n",
      "[Val] Loss : 1116.21240234375\n",
      "[15/50] Loss : 198.17311096191406\n",
      "torch.Size([81, 1])\n",
      "[Val] Loss : 2584.640625\n",
      "[16/50] Loss : 1075.7838134765625\n",
      "torch.Size([81, 1])\n",
      "[Val] Loss : 3458.408447265625\n",
      "[17/50] Loss : 2535.56396484375\n",
      "torch.Size([81, 1])\n",
      "[Val] Loss : 3184.656982421875\n",
      "[18/50] Loss : 3408.024658203125\n",
      "torch.Size([81, 1])\n",
      "[Val] Loss : 2047.9547119140625\n",
      "[19/50] Loss : 3133.956787109375\n",
      "torch.Size([81, 1])\n",
      "[Val] Loss : 820.2815551757812\n",
      "[20/50] Loss : 1999.7066650390625\n",
      "torch.Size([81, 1])\n",
      "[Val] Loss : 198.01429748535156\n",
      "[21/50] Loss : 783.3399047851562\n",
      "torch.Size([81, 1])\n",
      "[Val] Loss : 386.49615478515625\n",
      "[22/50] Loss : 185.0110626220703\n",
      "torch.Size([81, 1])\n",
      "[Val] Loss : 1041.9344482421875\n",
      "[23/50] Loss : 406.8618469238281\n",
      "torch.Size([81, 1])\n",
      "[Val] Loss : 1576.8555908203125\n",
      "[24/50] Loss : 1095.1087646484375\n",
      "torch.Size([81, 1])\n",
      "[Val] Loss : 1592.689208984375\n",
      "[25/50] Loss : 1650.5733642578125\n",
      "torch.Size([81, 1])\n",
      "[Val] Loss : 1116.945556640625\n",
      "[26/50] Loss : 1667.73876953125\n",
      "torch.Size([81, 1])\n",
      "[Val] Loss : 511.02459716796875\n",
      "[27/50] Loss : 1175.2269287109375\n",
      "torch.Size([81, 1])\n",
      "[Val] Loss : 172.2493896484375\n",
      "[28/50] Loss : 542.0269165039062\n",
      "torch.Size([81, 1])\n",
      "[Val] Loss : 258.922607421875\n",
      "[29/50] Loss : 174.93605041503906\n",
      "torch.Size([81, 1])\n",
      "[Val] Loss : 613.7551879882812\n",
      "[30/50] Loss : 239.19195556640625\n",
      "torch.Size([81, 1])\n",
      "[Val] Loss : 916.4634399414062\n",
      "[31/50] Loss : 579.9915771484375\n",
      "torch.Size([81, 1])\n",
      "[Val] Loss : 933.7814331054688\n",
      "[32/50] Loss : 876.20947265625\n",
      "torch.Size([81, 1])\n",
      "[Val] Loss : 672.13720703125\n",
      "[33/50] Loss : 893.0543823242188\n",
      "torch.Size([81, 1])\n",
      "[Val] Loss : 335.1182861328125\n",
      "[34/50] Loss : 636.5465087890625\n",
      "torch.Size([81, 1])\n",
      "[Val] Loss : 146.90328979492188\n",
      "[35/50] Loss : 310.6571350097656\n",
      "torch.Size([81, 1])\n",
      "[Val] Loss : 187.76084899902344\n",
      "[36/50] Loss : 138.96592712402344\n",
      "torch.Size([81, 1])\n",
      "[Val] Loss : 358.0364685058594\n",
      "[37/50] Loss : 198.73895263671875\n",
      "torch.Size([81, 1])\n",
      "[Val] Loss : 481.2450256347656\n",
      "[38/50] Loss : 385.2804870605469\n",
      "torch.Size([81, 1])\n",
      "[Val] Loss : 450.79913330078125\n",
      "[39/50] Loss : 517.1659545898438\n",
      "torch.Size([81, 1])\n",
      "[Val] Loss : 300.96881103515625\n",
      "[40/50] Loss : 485.42730712890625\n",
      "torch.Size([81, 1])\n",
      "[Val] Loss : 157.72276306152344\n",
      "[41/50] Loss : 325.57305908203125\n",
      "torch.Size([81, 1])\n",
      "[Val] Loss : 125.27167510986328\n",
      "[42/50] Loss : 167.509765625\n",
      "torch.Size([81, 1])\n",
      "[Val] Loss : 205.73927307128906\n",
      "[43/50] Loss : 120.01866149902344\n",
      "torch.Size([81, 1])\n",
      "[Val] Loss : 310.9284362792969\n",
      "[44/50] Loss : 188.63284301757812\n",
      "torch.Size([81, 1])\n",
      "[Val] Loss : 345.25115966796875\n",
      "[45/50] Loss : 286.80035400390625\n",
      "torch.Size([81, 1])\n",
      "[Val] Loss : 283.40179443359375\n",
      "[46/50] Loss : 319.2977600097656\n",
      "torch.Size([81, 1])\n",
      "[Val] Loss : 179.97344970703125\n",
      "[47/50] Loss : 260.6158142089844\n",
      "torch.Size([81, 1])\n",
      "[Val] Loss : 112.84896850585938\n",
      "[48/50] Loss : 164.7571258544922\n",
      "torch.Size([81, 1])\n",
      "[Val] Loss : 116.4217529296875\n",
      "[49/50] Loss : 108.26107788085938\n"
     ]
    }
   ],
   "source": [
    "# 모델 학습 진행\n",
    "loss = training(X_train, y_train, X_val, y_val)"
   ]
  },
  {
   "cell_type": "code",
   "execution_count": 16,
   "metadata": {},
   "outputs": [
    {
     "data": {
      "text/plain": [
       "{'loss': [41833.8515625,\n",
       "  6649.62939453125,\n",
       "  1155.1669921875,\n",
       "  11156.275390625,\n",
       "  16742.35546875,\n",
       "  13449.150390625,\n",
       "  6519.87451171875,\n",
       "  1313.4124755859375,\n",
       "  391.0174255371094,\n",
       "  2984.580810546875,\n",
       "  6139.64404296875,\n",
       "  7264.14306640625,\n",
       "  5849.53466796875,\n",
       "  3143.472412109375,\n",
       "  882.96142578125,\n",
       "  198.17311096191406,\n",
       "  1075.7838134765625,\n",
       "  2535.56396484375,\n",
       "  3408.024658203125,\n",
       "  3133.956787109375,\n",
       "  1999.7066650390625,\n",
       "  783.3399047851562,\n",
       "  185.0110626220703,\n",
       "  406.8618469238281,\n",
       "  1095.1087646484375,\n",
       "  1650.5733642578125,\n",
       "  1667.73876953125,\n",
       "  1175.2269287109375,\n",
       "  542.0269165039062,\n",
       "  174.93605041503906,\n",
       "  239.19195556640625,\n",
       "  579.9915771484375,\n",
       "  876.20947265625,\n",
       "  893.0543823242188,\n",
       "  636.5465087890625,\n",
       "  310.6571350097656,\n",
       "  138.96592712402344,\n",
       "  198.73895263671875,\n",
       "  385.2804870605469,\n",
       "  517.1659545898438,\n",
       "  485.42730712890625,\n",
       "  325.57305908203125,\n",
       "  167.509765625,\n",
       "  120.01866149902344,\n",
       "  188.63284301757812,\n",
       "  286.80035400390625,\n",
       "  319.2977600097656,\n",
       "  260.6158142089844,\n",
       "  164.7571258544922,\n",
       "  108.26107788085938],\n",
       " 'val': [6468.572265625,\n",
       "  1194.665771484375,\n",
       "  11165.0244140625,\n",
       "  16711.365234375,\n",
       "  13443.564453125,\n",
       "  6556.55322265625,\n",
       "  1354.758544921875,\n",
       "  379.1907653808594,\n",
       "  2884.043701171875,\n",
       "  5963.00927734375,\n",
       "  7061.9384765625,\n",
       "  5677.37158203125,\n",
       "  3035.635498046875,\n",
       "  844.3558959960938,\n",
       "  211.46038818359375,\n",
       "  1116.21240234375,\n",
       "  2584.640625,\n",
       "  3458.408447265625,\n",
       "  3184.656982421875,\n",
       "  2047.9547119140625,\n",
       "  820.2815551757812,\n",
       "  198.01429748535156,\n",
       "  386.49615478515625,\n",
       "  1041.9344482421875,\n",
       "  1576.8555908203125,\n",
       "  1592.689208984375,\n",
       "  1116.945556640625,\n",
       "  511.02459716796875,\n",
       "  172.2493896484375,\n",
       "  258.922607421875,\n",
       "  613.7551879882812,\n",
       "  916.4634399414062,\n",
       "  933.7814331054688,\n",
       "  672.13720703125,\n",
       "  335.1182861328125,\n",
       "  146.90328979492188,\n",
       "  187.76084899902344,\n",
       "  358.0364685058594,\n",
       "  481.2450256347656,\n",
       "  450.79913330078125,\n",
       "  300.96881103515625,\n",
       "  157.72276306152344,\n",
       "  125.27167510986328,\n",
       "  205.73927307128906,\n",
       "  310.9284362792969,\n",
       "  345.25115966796875,\n",
       "  283.40179443359375,\n",
       "  179.97344970703125,\n",
       "  112.84896850585938,\n",
       "  116.4217529296875]}"
      ]
     },
     "execution_count": 16,
     "metadata": {},
     "output_type": "execute_result"
    }
   ],
   "source": [
    "loss"
   ]
  },
  {
   "cell_type": "code",
   "execution_count": 17,
   "metadata": {},
   "outputs": [
    {
     "data": {
